PS C:\code> & C:/code/myvenv_py3.9/Scripts/python.exe c:/code/python/autohunting/03_test_make_TFRecord.py
here1
here2
DEBUG : feature.shape : (64063, 22)
Successfully processed and saved BTCUSDT.txt to TFRecord.
TFRecord saved to C:\code\python\autohunting\dataset_TFRecord\test_1hour22feature
2024-12-19 14:48:00.394823: I tensorflow/core/platform/cpu_feature_guard.cc:193] This TensorFlow binary is optimized with oneAPI Deep Neural Network Library (oneDNN) to use the following CPU instructions in performance-critical operations:  AVX AVX2
To enable them in other operations, rebuild TensorFlow with the appropriate compiler flags.
2024-12-19 14:48:00.872597: I tensorflow/core/common_runtime/gpu/gpu_device.cc:1616] Created device /job:localhost/replica:0/task:0/device:GPU:0 with 9597 MB memory:  -> device: 0, name: NVIDIA 
GeForce RTX 3060, pci bus id: 0000:01:00.0, compute capability: 8.6
Sample 1:
Features(10, 22)<class 'tensorflow.python.framework.ops.EagerTensor'>: 
[[4083.72     4126.99     4050.04     4100.41       43.39671  4072.026
  3955.87     3953.1604   4105.6245   4069.3037   3982.7217   3976.832
  4105.6245     45.42081    22.520166   71.750946   62.259403   55.52857
  4132.9985   3955.87     3778.7415     20.66708 ]
 [4084.54     4115.87     4054.01     4083.6        37.86942  4080.746
  3970.344    3953.2336   4104.0605   4074.069    3992.329    3981.019
  4105.321      47.37416    27.490967   65.542465   60.26369    54.728455
  4139.3613   3970.344    3801.3267     20.384289]
 [4084.       4110.       4053.18     4053.18       32.81943  4084.182
  3977.775    3952.602    4102.24     4067.106    3998.1245   3983.8489
  4104.6016     45.938023   31.180378   55.174995   56.67711    53.2788
  4147.636    3977.775    3807.9138     20.10451 ]
 [4064.       4099.99     4035.32     4080.         35.942493 4080.182
  3989.571    3952.1084   4100.5435   4071.404    4005.922    3987.6196
  4104.262      46.42882    34.23007    61.60112    59.02272    54.390255
  4153.313    3989.571    3825.829      19.465363]
 [4089.45     4098.88     4052.49     4074.88       35.20826  4078.414
  3999.991    3953.268    4098.633    4072.5627   4012.4895   3991.0415
  4103.857      45.875813   36.559216   59.642384   58.364628   54.133724
  4157.4785   3999.991    3842.5034     18.87187 ]
 [4081.63     4124.       4057.       4124.         37.697918 4083.132
  4009.4905   3956.0889   4096.9893   4089.7085   4023.1096   3996.2556
  4104.135      48.838146   39.015003   70.457016   62.71548    56.201714
  4172.7275   4009.4905   3846.2534     18.760118]
 [4123.88     4242.32     4100.15     4203.12       40.1812   4107.036
  4023.597    3959.2786   4095.3164   4127.512    4040.2534   4004.368
  4105.5        56.914074   42.59482    80.5377     68.49968    59.28702
  4201.873    4023.597    3845.321      20.191534]
 [4208.11     4228.02     4188.63     4228.02       24.062874 4142.004
  4042.548    3963.113    4093.7053   4161.0146   4058.136    4013.1387
  4107.19       64.579094   46.991673   82.75938    70.092606   60.207554
  4223.121    4042.548    3861.9746     21.520706]
 [4203.12     4237.99     4174.09     4237.99       33.08203  4173.602
  4061.536    3966.3928   4092.3906   4186.6733   4075.265    4021.9563
  4108.994      70.64384    51.722107   83.65583    70.73894    60.57995
  4240.4478   4061.536    3882.6243     22.400806]
 [4205.98     4265.8      4174.       4215.68       62.63869  4201.762
  4077.028    3968.9443   4091.0344   4196.3423   4088.6377   4029.5532
  4110.466      72.810646   55.93981    73.4065     67.19407    59.28447
  4252.9634   4077.028    3901.0925     23.541895]]
Label()<class 'tensorflow.python.framework.ops.EagerTensor'>: 0

Sample 2:
Features(10, 22)<class 'tensorflow.python.framework.ops.EagerTensor'>: 
[[4084.54     4115.87     4054.01     4083.6        37.86942  4080.746
  3970.344    3953.2336   4104.0605   4074.069    3992.329    3981.019
  4105.321      47.37416    27.490967   65.542465   60.26369    54.728455
  4139.3613   3970.344    3801.3267     20.384289]
 [4084.       4110.       4053.18     4053.18       32.81943  4084.182
  3977.775    3952.602    4102.24     4067.106    3998.1245   3983.8489
  4104.6016     45.938023   31.180378   55.174995   56.67711    53.2788
  4147.636    3977.775    3807.9138     20.10451 ]
 [4064.       4099.99     4035.32     4080.         35.942493 4080.182
  3989.571    3952.1084   4100.5435   4071.404    4005.922    3987.6196
  4104.262      46.42882    34.23007    61.60112    59.02272    54.390255
  4153.313    3989.571    3825.829      19.465363]
 [4089.45     4098.88     4052.49     4074.88       35.20826  4078.414
  3999.991    3953.268    4098.633    4072.5627   4012.4895   3991.0415
  4103.857      45.875813   36.559216   59.642384   58.364628   54.133724
  4157.4785   3999.991    3842.5034     18.87187 ]
 [4081.63     4124.       4057.       4124.         37.697918 4083.132
  4009.4905   3956.0889   4096.9893   4089.7085   4023.1096   3996.2556
  4104.135      48.838146   39.015003   70.457016   62.71548    56.201714
  4172.7275   4009.4905   3846.2534     18.760118]
 [4123.88     4242.32     4100.15     4203.12       40.1812   4107.036
  4023.597    3959.2786   4095.3164   4127.512    4040.2534   4004.368
  4105.5        56.914074   42.59482    80.5377     68.49968    59.28702
  4201.873    4023.597    3845.321      20.191534]
 [4208.11     4228.02     4188.63     4228.02       24.062874 4142.004
  4042.548    3963.113    4093.7053   4161.0146   4058.136    4013.1387
  4107.19       64.579094   46.991673   82.75938    70.092606   60.207554
  4223.121    4042.548    3861.9746     21.520706]
 [4203.12     4237.99     4174.09     4237.99       33.08203  4173.602
  4061.536    3966.3928   4092.3906   4186.6733   4075.265    4021.9563
  4108.994      70.64384    51.722107   83.65583    70.73894    60.57995
  4240.4478   4061.536    3882.6243     22.400806]
 [4205.98     4265.8      4174.       4215.68       62.63869  4201.762
  4077.028    3968.9443   4091.0344   4196.3423   4088.6377   4029.5532
  4110.466      72.810646   55.93981    73.4065     67.19407    59.28447
  4252.9634   4077.028    3901.0925     23.541895]
 [4215.68     4230.92     4155.       4211.         81.24825  4219.162
  4090.428    3972.7021   4089.312    4201.228    4100.2915   4036.669
  4111.8525     73.3052     59.41289    71.21032    66.43224    59.008255
  4264.302    4090.428    3916.5544     24.127018]]
Label()<class 'tensorflow.python.framework.ops.EagerTensor'>: 0

Sample 3:
Features(10, 22)<class 'tensorflow.python.framework.ops.EagerTensor'>: 
[[4084.       4110.       4053.18     4053.18       32.81943  4084.182
  3977.775    3952.602    4102.24     4067.106    3998.1245   3983.8489
  4104.6016     45.938023   31.180378   55.174995   56.67711    53.2788
  4147.636    3977.775    3807.9138     20.10451 ]
 [4064.       4099.99     4035.32     4080.         35.942493 4080.182
  3989.571    3952.1084   4100.5435   4071.404    4005.922    3987.6196
  4104.262      46.42882    34.23007    61.60112    59.02272    54.390255
  4153.313    3989.571    3825.829      19.465363]
 [4089.45     4098.88     4052.49     4074.88       35.20826  4078.414
  3999.991    3953.268    4098.633    4072.5627   4012.4895   3991.0415
  4103.857      45.875813   36.559216   59.642384   58.364628   54.133724
  4157.4785   3999.991    3842.5034     18.87187 ]
 [4081.63     4124.       4057.       4124.         37.697918 4083.132
  4009.4905   3956.0889   4096.9893   4089.7085   4023.1096   3996.2556
  4104.135      48.838146   39.015003   70.457016   62.71548    56.201714
  4172.7275   4009.4905   3846.2534     18.760118]
 [4123.88     4242.32     4100.15     4203.12       40.1812   4107.036
  4023.597    3959.2786   4095.3164   4127.512    4040.2534   4004.368
  4105.5        56.914074   42.59482    80.5377     68.49968    59.28702
  4201.873    4023.597    3845.321      20.191534]
 [4208.11     4228.02     4188.63     4228.02       24.062874 4142.004
  4042.548    3963.113    4093.7053   4161.0146   4058.136    4013.1387
  4107.19       64.579094   46.991673   82.75938    70.092606   60.207554
  4223.121    4042.548    3861.9746     21.520706]
 [4203.12     4237.99     4174.09     4237.99       33.08203  4173.602
  4061.536    3966.3928   4092.3906   4186.6733   4075.265    4021.9563
  4108.994      70.64384    51.722107   83.65583    70.73894    60.57995
  4240.4478   4061.536    3882.6243     22.400806]
 [4205.98     4265.8      4174.       4215.68       62.63869  4201.762
  4077.028    3968.9443   4091.0344   4196.3423   4088.6377   4029.5532
  4110.466      72.810646   55.93981    73.4065     67.19407    59.28447
  4252.9634   4077.028    3901.0925     23.541895]
 [4215.68     4230.92     4155.       4211.         81.24825  4219.162
  4090.428    3972.7021   4089.312    4201.228    4100.2915   4036.669
  4111.8525     73.3052     59.41289    71.21032    66.43224    59.008255
  4264.302    4090.428    3916.5544     24.127018]
 [4166.89     4212.29     4154.51     4174.         58.313942 4213.338
  4096.94     3976.1821   4087.2507   4192.152    4107.311    4042.0544
  4112.7095     69.905716   61.511456   55.466698   60.514847   56.824142
  4273.075    4096.94     3920.8047     24.65782 ]]
Label()<class 'tensorflow.python.framework.ops.EagerTensor'>: 1

First 3 samples:
Sample 1:
Features(10, 22)<class 'tensorflow.python.framework.ops.EagerTensor'>: 
[[4083.72     4126.99     4050.04     4100.41       43.39671  4072.026
  3955.87     3953.1604   4105.6245   4069.3037   3982.7217   3976.832
  4105.6245     45.42081    22.520166   71.750946   62.259403   55.52857
  4132.9985   3955.87     3778.7415     20.66708 ]
 [4084.54     4115.87     4054.01     4083.6        37.86942  4080.746
  3970.344    3953.2336   4104.0605   4074.069    3992.329    3981.019
  4105.321      47.37416    27.490967   65.542465   60.26369    54.728455
  4139.3613   3970.344    3801.3267     20.384289]
 [4084.       4110.       4053.18     4053.18       32.81943  4084.182
  3977.775    3952.602    4102.24     4067.106    3998.1245   3983.8489
  4104.6016     45.938023   31.180378   55.174995   56.67711    53.2788
  4147.636    3977.775    3807.9138     20.10451 ]
 [4064.       4099.99     4035.32     4080.         35.942493 4080.182
  3989.571    3952.1084   4100.5435   4071.404    4005.922    3987.6196
  4104.262      46.42882    34.23007    61.60112    59.02272    54.390255
  4153.313    3989.571    3825.829      19.465363]
 [4089.45     4098.88     4052.49     4074.88       35.20826  4078.414
  3999.991    3953.268    4098.633    4072.5627   4012.4895   3991.0415
  4103.857      45.875813   36.559216   59.642384   58.364628   54.133724
  4157.4785   3999.991    3842.5034     18.87187 ]
 [4081.63     4124.       4057.       4124.         37.697918 4083.132
  4009.4905   3956.0889   4096.9893   4089.7085   4023.1096   3996.2556
  4104.135      48.838146   39.015003   70.457016   62.71548    56.201714
  4172.7275   4009.4905   3846.2534     18.760118]
 [4123.88     4242.32     4100.15     4203.12       40.1812   4107.036
  4023.597    3959.2786   4095.3164   4127.512    4040.2534   4004.368
  4105.5        56.914074   42.59482    80.5377     68.49968    59.28702
  4201.873    4023.597    3845.321      20.191534]
 [4208.11     4228.02     4188.63     4228.02       24.062874 4142.004
  4042.548    3963.113    4093.7053   4161.0146   4058.136    4013.1387
  4107.19       64.579094   46.991673   82.75938    70.092606   60.207554
  4223.121    4042.548    3861.9746     21.520706]
 [4203.12     4237.99     4174.09     4237.99       33.08203  4173.602
  4061.536    3966.3928   4092.3906   4186.6733   4075.265    4021.9563
  4108.994      70.64384    51.722107   83.65583    70.73894    60.57995
  4240.4478   4061.536    3882.6243     22.400806]
 [4205.98     4265.8      4174.       4215.68       62.63869  4201.762
  4077.028    3968.9443   4091.0344   4196.3423   4088.6377   4029.5532
  4110.466      72.810646   55.93981    73.4065     67.19407    59.28447
  4252.9634   4077.028    3901.0925     23.541895]]
Label()<class 'tensorflow.python.framework.ops.EagerTensor'>: 0

Sample 2:
Features(10, 22)<class 'tensorflow.python.framework.ops.EagerTensor'>: 
[[4084.54     4115.87     4054.01     4083.6        37.86942  4080.746
  3970.344    3953.2336   4104.0605   4074.069    3992.329    3981.019
  4105.321      47.37416    27.490967   65.542465   60.26369    54.728455
  4139.3613   3970.344    3801.3267     20.384289]
 [4084.       4110.       4053.18     4053.18       32.81943  4084.182
  3977.775    3952.602    4102.24     4067.106    3998.1245   3983.8489
  4104.6016     45.938023   31.180378   55.174995   56.67711    53.2788
  4147.636    3977.775    3807.9138     20.10451 ]
 [4064.       4099.99     4035.32     4080.         35.942493 4080.182
  3989.571    3952.1084   4100.5435   4071.404    4005.922    3987.6196
  4104.262      46.42882    34.23007    61.60112    59.02272    54.390255
  4153.313    3989.571    3825.829      19.465363]
 [4089.45     4098.88     4052.49     4074.88       35.20826  4078.414
  3999.991    3953.268    4098.633    4072.5627   4012.4895   3991.0415
  4103.857      45.875813   36.559216   59.642384   58.364628   54.133724
  4157.4785   3999.991    3842.5034     18.87187 ]
 [4081.63     4124.       4057.       4124.         37.697918 4083.132
  4009.4905   3956.0889   4096.9893   4089.7085   4023.1096   3996.2556
  4104.135      48.838146   39.015003   70.457016   62.71548    56.201714
  4172.7275   4009.4905   3846.2534     18.760118]
 [4123.88     4242.32     4100.15     4203.12       40.1812   4107.036
  4023.597    3959.2786   4095.3164   4127.512    4040.2534   4004.368
  4105.5        56.914074   42.59482    80.5377     68.49968    59.28702
  4201.873    4023.597    3845.321      20.191534]
 [4208.11     4228.02     4188.63     4228.02       24.062874 4142.004
  4042.548    3963.113    4093.7053   4161.0146   4058.136    4013.1387
  4107.19       64.579094   46.991673   82.75938    70.092606   60.207554
  4223.121    4042.548    3861.9746     21.520706]
 [4203.12     4237.99     4174.09     4237.99       33.08203  4173.602
  4061.536    3966.3928   4092.3906   4186.6733   4075.265    4021.9563
  4108.994      70.64384    51.722107   83.65583    70.73894    60.57995
  4240.4478   4061.536    3882.6243     22.400806]
 [4205.98     4265.8      4174.       4215.68       62.63869  4201.762
  4077.028    3968.9443   4091.0344   4196.3423   4088.6377   4029.5532
  4110.466      72.810646   55.93981    73.4065     67.19407    59.28447
  4252.9634   4077.028    3901.0925     23.541895]
 [4215.68     4230.92     4155.       4211.         81.24825  4219.162
  4090.428    3972.7021   4089.312    4201.228    4100.2915   4036.669
  4111.8525     73.3052     59.41289    71.21032    66.43224    59.008255
  4264.302    4090.428    3916.5544     24.127018]]
Label()<class 'tensorflow.python.framework.ops.EagerTensor'>: 0

Sample 3:
Features(10, 22)<class 'tensorflow.python.framework.ops.EagerTensor'>: 
[[4084.       4110.       4053.18     4053.18       32.81943  4084.182
  3977.775    3952.602    4102.24     4067.106    3998.1245   3983.8489
  4104.6016     45.938023   31.180378   55.174995   56.67711    53.2788
  4147.636    3977.775    3807.9138     20.10451 ]
 [4064.       4099.99     4035.32     4080.         35.942493 4080.182
  3989.571    3952.1084   4100.5435   4071.404    4005.922    3987.6196
  4104.262      46.42882    34.23007    61.60112    59.02272    54.390255
  4153.313    3989.571    3825.829      19.465363]
 [4089.45     4098.88     4052.49     4074.88       35.20826  4078.414
  3999.991    3953.268    4098.633    4072.5627   4012.4895   3991.0415
  4103.857      45.875813   36.559216   59.642384   58.364628   54.133724
  4157.4785   3999.991    3842.5034     18.87187 ]
 [4081.63     4124.       4057.       4124.         37.697918 4083.132
  4009.4905   3956.0889   4096.9893   4089.7085   4023.1096   3996.2556
  4104.135      48.838146   39.015003   70.457016   62.71548    56.201714
  4172.7275   4009.4905   3846.2534     18.760118]
 [4123.88     4242.32     4100.15     4203.12       40.1812   4107.036
  4023.597    3959.2786   4095.3164   4127.512    4040.2534   4004.368
  4105.5        56.914074   42.59482    80.5377     68.49968    59.28702
  4201.873    4023.597    3845.321      20.191534]
 [4208.11     4228.02     4188.63     4228.02       24.062874 4142.004
  4042.548    3963.113    4093.7053   4161.0146   4058.136    4013.1387
  4107.19       64.579094   46.991673   82.75938    70.092606   60.207554
  4223.121    4042.548    3861.9746     21.520706]
 [4203.12     4237.99     4174.09     4237.99       33.08203  4173.602
  4061.536    3966.3928   4092.3906   4186.6733   4075.265    4021.9563
  4108.994      70.64384    51.722107   83.65583    70.73894    60.57995
  4240.4478   4061.536    3882.6243     22.400806]
 [4205.98     4265.8      4174.       4215.68       62.63869  4201.762
  4077.028    3968.9443   4091.0344   4196.3423   4088.6377   4029.5532
  4110.466      72.810646   55.93981    73.4065     67.19407    59.28447
  4252.9634   4077.028    3901.0925     23.541895]
 [4215.68     4230.92     4155.       4211.         81.24825  4219.162
  4090.428    3972.7021   4089.312    4201.228    4100.2915   4036.669
  4111.8525     73.3052     59.41289    71.21032    66.43224    59.008255
  4264.302    4090.428    3916.5544     24.127018]
 [4166.89     4212.29     4154.51     4174.         58.313942 4213.338
  4096.94     3976.1821   4087.2507   4192.152    4107.311    4042.0544
  4112.7095     69.905716   61.511456   55.466698   60.514847   56.824142
  4273.075    4096.94     3920.8047     24.65782 ]]
Label()<class 'tensorflow.python.framework.ops.EagerTensor'>: 1

Last 3 samples:
Sample 64052:
Features(10, 22)<class 'tensorflow.python.framework.ops.EagerTensor'>: 
[[ 1.03572156e+05  1.04000211e+05  1.03137820e+05  1.03794648e+05
   1.75437183e+03  1.04262344e+05  1.06079164e+05  1.05981250e+05
   1.03101320e+05  1.04235578e+05  1.05549641e+05  1.05500805e+05
   1.03541219e+05 -5.95536316e+02 -2.13503555e+02  2.03744659e+01
   3.01416588e+01  4.06805954e+01  1.08580141e+05  1.06079164e+05
   1.03578188e+05  2.80303898e+01]
 [ 1.03794648e+05  1.04317820e+05  1.03702320e+05  1.04250750e+05
   1.23907361e+03  1.04049914e+05  1.05951281e+05  1.05965703e+05
   1.03127367e+05  1.04240633e+05  1.05425938e+05  1.05451781e+05
   1.03551008e+05 -6.18340881e+02 -2.94471008e+02  3.49686127e+01
   3.64056091e+01  4.34134712e+01  1.08549695e+05  1.05951281e+05
   1.03352867e+05  2.89664268e+01]
 [ 1.04250750e+05  1.04378922e+05  1.03729180e+05  1.03805430e+05
   7.07254333e+02  1.03858203e+05  1.05784758e+05  1.05938812e+05
   1.03146992e+05  1.04095562e+05  1.05271602e+05  1.05387219e+05
   1.03554516e+05 -6.64685181e+02 -3.68513855e+02  2.87868328e+01
   3.32317734e+01  4.14671135e+01  1.08483094e+05  1.05784758e+05
   1.03086414e+05  2.96992016e+01]
 [ 1.03805422e+05  1.04435000e+05  1.03804656e+05  1.04047992e+05
   7.94730164e+02  1.03894195e+05  1.05622234e+05  1.05919922e+05
   1.03169453e+05  1.04079703e+05  1.05155070e+05  1.05334703e+05
   1.03561320e+05 -6.74070557e+02 -4.29625214e+02  3.61630783e+01
   3.65201912e+01  4.29215698e+01  1.08327859e+05  1.05622234e+05
   1.02916602e+05  3.02483864e+01]
 [ 1.04047992e+05  1.04659250e+05  1.03984000e+05  1.04531031e+05
   5.47486816e+02  1.04085969e+05  1.05435867e+05  1.05919828e+05
   1.03196891e+05  1.04230148e+05  1.05095641e+05  1.05303180e+05
   1.03574695e+05 -6.35208984e+02 -4.70741943e+02  4.88291702e+01
   4.26558189e+01  4.57241249e+01  1.07891430e+05  1.05435867e+05
   1.02980305e+05  3.02306004e+01]
 [ 1.04531031e+05  1.05033328e+05  1.04500000e+05  1.05028328e+05
   8.78170410e+02  1.04332703e+05  1.05363359e+05  1.05926867e+05
   1.03229320e+05  1.04496211e+05  1.05089227e+05  1.05292406e+05
   1.03594750e+05 -5.57852295e+02 -4.88164032e+02  5.89030533e+01
   4.82712059e+01  4.84435921e+01  1.07776773e+05  1.05363359e+05
   1.02949945e+05  2.93960304e+01]
 [ 1.05028328e+05  1.05350000e+05  1.04687438e+05  1.04920008e+05
   1.42818958e+03  1.04466555e+05  1.05255570e+05  1.05931562e+05
   1.03257734e+05  1.04637477e+05  1.05073109e+05  1.05277805e+05
   1.03613023e+05 -4.99528900e+02 -4.90437012e+02  5.60204048e+01
   4.71735458e+01  4.78981247e+01  1.07542703e+05  1.05255570e+05
   1.02968445e+05  2.79915581e+01]
 [ 1.04920023e+05  1.05271797e+05  1.04532008e+05  1.04580578e+05
   8.88468506e+02  1.04621586e+05  1.05109281e+05  1.05948016e+05
   1.03283211e+05  1.04618508e+05  1.05026203e+05  1.05250461e+05
   1.03626375e+05 -4.75218292e+02 -4.87393250e+02  4.73135262e+01
   4.37710571e+01  4.61972466e+01  1.07164344e+05  1.05109281e+05
   1.03054227e+05  2.69311962e+01]
 [ 1.04580570e+05  1.04860656e+05  1.03855070e+05  1.04019930e+05
   2.75664771e+03  1.04615977e+05  1.04982688e+05  1.05955297e+05
   1.03299312e+05  1.04418984e+05  1.04930367e+05  1.05202203e+05
   1.03631797e+05 -4.95480164e+02 -4.89010651e+02  3.61706886e+01
   3.87366295e+01  4.35328560e+01  1.06977750e+05  1.04982688e+05
   1.02987625e+05  2.68810616e+01]
 [ 1.04019938e+05  1.04569406e+05  1.03650000e+05  1.04428539e+05
   2.16956104e+03  1.04595477e+05  1.04880320e+05  1.05965703e+05
   1.03317586e+05  1.04422172e+05  1.04882578e+05  1.05171859e+05
   1.03642789e+05 -4.73112671e+02 -4.85831055e+02  4.70723267e+01
   4.38695831e+01  4.59055138e+01  1.06765484e+05  1.04880320e+05
   1.02995156e+05  2.70813255e+01]]
Label()<class 'tensorflow.python.framework.ops.EagerTensor'>: 1

Sample 64053:
Features(10, 22)<class 'tensorflow.python.framework.ops.EagerTensor'>: 
[[ 1.03794648e+05  1.04317820e+05  1.03702320e+05  1.04250750e+05
   1.23907361e+03  1.04049914e+05  1.05951281e+05  1.05965703e+05
   1.03127367e+05  1.04240633e+05  1.05425938e+05  1.05451781e+05
   1.03551008e+05 -6.18340881e+02 -2.94471008e+02  3.49686127e+01
   3.64056091e+01  4.34134712e+01  1.08549695e+05  1.05951281e+05
   1.03352867e+05  2.89664268e+01]
 [ 1.04250750e+05  1.04378922e+05  1.03729180e+05  1.03805430e+05
   7.07254333e+02  1.03858203e+05  1.05784758e+05  1.05938812e+05
   1.03146992e+05  1.04095562e+05  1.05271602e+05  1.05387219e+05
   1.03554516e+05 -6.64685181e+02 -3.68513855e+02  2.87868328e+01
   3.32317734e+01  4.14671135e+01  1.08483094e+05  1.05784758e+05
   1.03086414e+05  2.96992016e+01]
 [ 1.03805422e+05  1.04435000e+05  1.03804656e+05  1.04047992e+05
   7.94730164e+02  1.03894195e+05  1.05622234e+05  1.05919922e+05
   1.03169453e+05  1.04079703e+05  1.05155070e+05  1.05334703e+05
   1.03561320e+05 -6.74070557e+02 -4.29625214e+02  3.61630783e+01
   3.65201912e+01  4.29215698e+01  1.08327859e+05  1.05622234e+05
   1.02916602e+05  3.02483864e+01]
 [ 1.04047992e+05  1.04659250e+05  1.03984000e+05  1.04531031e+05
   5.47486816e+02  1.04085969e+05  1.05435867e+05  1.05919828e+05
   1.03196891e+05  1.04230148e+05  1.05095641e+05  1.05303180e+05
   1.03574695e+05 -6.35208984e+02 -4.70741943e+02  4.88291702e+01
   4.26558189e+01  4.57241249e+01  1.07891430e+05  1.05435867e+05
   1.02980305e+05  3.02306004e+01]
 [ 1.04531031e+05  1.05033328e+05  1.04500000e+05  1.05028328e+05
   8.78170410e+02  1.04332703e+05  1.05363359e+05  1.05926867e+05
   1.03229320e+05  1.04496211e+05  1.05089227e+05  1.05292406e+05
   1.03594750e+05 -5.57852295e+02 -4.88164032e+02  5.89030533e+01
   4.82712059e+01  4.84435921e+01  1.07776773e+05  1.05363359e+05
   1.02949945e+05  2.93960304e+01]
 [ 1.05028328e+05  1.05350000e+05  1.04687438e+05  1.04920008e+05
   1.42818958e+03  1.04466555e+05  1.05255570e+05  1.05931562e+05
   1.03257734e+05  1.04637477e+05  1.05073109e+05  1.05277805e+05
   1.03613023e+05 -4.99528900e+02 -4.90437012e+02  5.60204048e+01
   4.71735458e+01  4.78981247e+01  1.07542703e+05  1.05255570e+05
   1.02968445e+05  2.79915581e+01]
 [ 1.04920023e+05  1.05271797e+05  1.04532008e+05  1.04580578e+05
   8.88468506e+02  1.04621586e+05  1.05109281e+05  1.05948016e+05
   1.03283211e+05  1.04618508e+05  1.05026203e+05  1.05250461e+05
   1.03626375e+05 -4.75218292e+02 -4.87393250e+02  4.73135262e+01
   4.37710571e+01  4.61972466e+01  1.07164344e+05  1.05109281e+05
   1.03054227e+05  2.69311962e+01]
 [ 1.04580570e+05  1.04860656e+05  1.03855070e+05  1.04019930e+05
   2.75664771e+03  1.04615977e+05  1.04982688e+05  1.05955297e+05
   1.03299312e+05  1.04418984e+05  1.04930367e+05  1.05202203e+05
   1.03631797e+05 -4.95480164e+02 -4.89010651e+02  3.61706886e+01
   3.87366295e+01  4.35328560e+01  1.06977750e+05  1.04982688e+05
   1.02987625e+05  2.68810616e+01]
 [ 1.04019938e+05  1.04569406e+05  1.03650000e+05  1.04428539e+05
   2.16956104e+03  1.04595477e+05  1.04880320e+05  1.05965703e+05
   1.03317586e+05  1.04422172e+05  1.04882578e+05  1.05171859e+05
   1.03642789e+05 -4.73112671e+02 -4.85831055e+02  4.70723267e+01
   4.38695831e+01  4.59055138e+01  1.06765484e+05  1.04880320e+05
   1.02995156e+05  2.70813255e+01]
 [ 1.04428539e+05  1.04474141e+05  1.03380430e+05  1.04199617e+05
   2.16597632e+03  1.04429734e+05  1.04753648e+05  1.05939953e+05
   1.03336594e+05  1.04347984e+05  1.04817531e+05  1.05133734e+05
   1.03650469e+05 -4.68458099e+02 -4.82356445e+02  4.22240486e+01
   4.17325821e+01  4.48049316e+01  1.06455375e+05  1.04753648e+05
   1.03051930e+05  2.75796108e+01]]
Label()<class 'tensorflow.python.framework.ops.EagerTensor'>: 1

Sample 64054:
Features(10, 22)<class 'tensorflow.python.framework.ops.EagerTensor'>: 
[[ 1.04250750e+05  1.04378922e+05  1.03729180e+05  1.03805430e+05
   7.07254333e+02  1.03858203e+05  1.05784758e+05  1.05938812e+05
   1.03146992e+05  1.04095562e+05  1.05271602e+05  1.05387219e+05
   1.03554516e+05 -6.64685181e+02 -3.68513855e+02  2.87868328e+01
   3.32317734e+01  4.14671135e+01  1.08483094e+05  1.05784758e+05
   1.03086414e+05  2.96992016e+01]
 [ 1.03805422e+05  1.04435000e+05  1.03804656e+05  1.04047992e+05
   7.94730164e+02  1.03894195e+05  1.05622234e+05  1.05919922e+05
   1.03169453e+05  1.04079703e+05  1.05155070e+05  1.05334703e+05
   1.03561320e+05 -6.74070557e+02 -4.29625214e+02  3.61630783e+01
   3.65201912e+01  4.29215698e+01  1.08327859e+05  1.05622234e+05
   1.02916602e+05  3.02483864e+01]
 [ 1.04047992e+05  1.04659250e+05  1.03984000e+05  1.04531031e+05
   5.47486816e+02  1.04085969e+05  1.05435867e+05  1.05919828e+05
   1.03196891e+05  1.04230148e+05  1.05095641e+05  1.05303180e+05
   1.03574695e+05 -6.35208984e+02 -4.70741943e+02  4.88291702e+01
   4.26558189e+01  4.57241249e+01  1.07891430e+05  1.05435867e+05
   1.02980305e+05  3.02306004e+01]
 [ 1.04531031e+05  1.05033328e+05  1.04500000e+05  1.05028328e+05
   8.78170410e+02  1.04332703e+05  1.05363359e+05  1.05926867e+05
   1.03229320e+05  1.04496211e+05  1.05089227e+05  1.05292406e+05
   1.03594750e+05 -5.57852295e+02 -4.88164032e+02  5.89030533e+01
   4.82712059e+01  4.84435921e+01  1.07776773e+05  1.05363359e+05
   1.02949945e+05  2.93960304e+01]
 [ 1.05028328e+05  1.05350000e+05  1.04687438e+05  1.04920008e+05
   1.42818958e+03  1.04466555e+05  1.05255570e+05  1.05931562e+05
   1.03257734e+05  1.04637477e+05  1.05073109e+05  1.05277805e+05
   1.03613023e+05 -4.99528900e+02 -4.90437012e+02  5.60204048e+01
   4.71735458e+01  4.78981247e+01  1.07542703e+05  1.05255570e+05
   1.02968445e+05  2.79915581e+01]
 [ 1.04920023e+05  1.05271797e+05  1.04532008e+05  1.04580578e+05
   8.88468506e+02  1.04621586e+05  1.05109281e+05  1.05948016e+05
   1.03283211e+05  1.04618508e+05  1.05026203e+05  1.05250461e+05
   1.03626375e+05 -4.75218292e+02 -4.87393250e+02  4.73135262e+01
   4.37710571e+01  4.61972466e+01  1.07164344e+05  1.05109281e+05
   1.03054227e+05  2.69311962e+01]
 [ 1.04580570e+05  1.04860656e+05  1.03855070e+05  1.04019930e+05
   2.75664771e+03  1.04615977e+05  1.04982688e+05  1.05955297e+05
   1.03299312e+05  1.04418984e+05  1.04930367e+05  1.05202203e+05
   1.03631797e+05 -4.95480164e+02 -4.89010651e+02  3.61706886e+01
   3.87366295e+01  4.35328560e+01  1.06977750e+05  1.04982688e+05
   1.02987625e+05  2.68810616e+01]
 [ 1.04019938e+05  1.04569406e+05  1.03650000e+05  1.04428539e+05
   2.16956104e+03  1.04595477e+05  1.04880320e+05  1.05965703e+05
   1.03317586e+05  1.04422172e+05  1.04882578e+05  1.05171859e+05
   1.03642789e+05 -4.73112671e+02 -4.85831055e+02  4.70723267e+01
   4.38695831e+01  4.59055138e+01  1.06765484e+05  1.04880320e+05
   1.02995156e+05  2.70813255e+01]
 [ 1.04428539e+05  1.04474141e+05  1.03380430e+05  1.04199617e+05
   2.16597632e+03  1.04429734e+05  1.04753648e+05  1.05939953e+05
   1.03336594e+05  1.04347984e+05  1.04817531e+05  1.05133734e+05
   1.03650469e+05 -4.68458099e+02 -4.82356445e+02  4.22240486e+01
   4.17325821e+01  4.48049316e+01  1.06455375e+05  1.04753648e+05
   1.03051930e+05  2.75796108e+01]
 [ 1.04199633e+05  1.04819828e+05  1.03876000e+05  1.04656180e+05
   9.98639648e+02  1.04376969e+05  1.04665883e+05  1.05906438e+05
   1.03357695e+05  1.04450719e+05  1.04802164e+05  1.05115008e+05
   1.03664344e+05 -4.23052094e+02 -4.70495575e+02  5.36494598e+01
   4.73162613e+01  4.74280014e+01  1.06188125e+05  1.04665883e+05
   1.03143633e+05  2.72850018e+01]]
Label()<class 'tensorflow.python.framework.ops.EagerTensor'>: 1
