Sample 64046:
Features(30, 23)<class 'tensorflow.python.framework.ops.EagerTensor'>: [[ 9.79839742e-01  9.82040346e-01  9.85524595e-01  9.79499996e-01
   7.28399120e-03  9.89721537e-01  9.99309778e-01  9.99831021e-01
   9.94842410e-01  9.88066614e-01  9.97493863e-01  1.00000000e+00
   9.97850895e-01  1.98634565e-01  1.08385992e+00 -2.73159742e+00
  -7.20193744e-01 -4.33006763e-01  3.05215809e-02  9.93913174e-01
   9.99309778e-01  9.97875690e-01 -5.47497928e-01]
 [ 9.79509354e-01  9.82656837e-01  9.79027748e-01  9.72227395e-01
   1.73124354e-02  9.87037361e-01  9.98594105e-01  1.00000000e+00
   9.95177746e-01  9.85115051e-01  9.96370018e-01  9.99821067e-01
   9.98107672e-01 -1.97239071e-01  8.25112045e-01 -3.23827577e+00
  -1.38987887e+00 -9.44295049e-01 -3.71837914e-01  9.94974494e-01
   9.98594105e-01  9.95353281e-01 -5.17092645e-01]
 [ 9.72262859e-01  9.74373400e-01  9.79734063e-01  9.72038209e-01
   7.18282955e-03  9.84931231e-01  9.97997761e-01  9.99974310e-01
   9.95419621e-01  9.83083725e-01  9.95334983e-01  9.99641538e-01
   9.98358190e-01 -5.11944532e-01  5.51234782e-01 -3.42767787e+00
  -1.40434086e+00 -9.56617892e-01 -3.81896645e-01  9.95807469e-01
   9.97997761e-01  9.93303835e-01 -4.88859117e-01]
 [ 9.72050965e-01  9.71335053e-01  9.75569487e-01  9.66827154e-01
   1.03828153e-02  9.82615352e-01  9.97013509e-01  9.99824941e-01
   9.95678782e-01  9.79978502e-01  9.93893862e-01  9.99259114e-01
   9.98529732e-01 -9.26797092e-01  2.43971527e-01 -3.84563160e+00
  -1.76625109e+00 -1.28436542e+00 -6.54037118e-01  9.97053444e-01
   9.97013509e-01  9.90052760e-01 -4.19446826e-01]
 [ 9.66842473e-01  9.65949655e-01  9.65363681e-01  9.58321571e-01
   1.89784244e-02  9.78271842e-01  9.95307624e-01  9.99685407e-01
   9.95900095e-01  9.75050330e-01  9.91766453e-01  9.98549104e-01
   9.98575866e-01 -1.52515614e+00 -1.28998101e-01 -4.66819668e+00
  -2.13689113e+00 -1.71741652e+00 -1.05278909e+00  9.98636603e-01
   9.95307624e-01  9.85006690e-01 -2.73330957e-01]
 [ 9.58340585e-01  9.59888995e-01  9.63053524e-01  9.55513120e-01
   1.20927729e-02  9.73427892e-01  9.93507624e-01  9.99488950e-01
   9.96104836e-01  9.70821142e-01  9.89569664e-01  9.97753799e-01
   9.98580694e-01 -2.07064342e+00 -5.43296874e-01 -5.18558836e+00
  -2.22618628e+00 -1.84032524e+00 -1.17439651e+00  9.99836683e-01
   9.93507624e-01  9.80162501e-01 -1.22595415e-01]
 [ 9.55533445e-01  9.58703339e-01  9.61728811e-01  9.57625151e-01
   1.27862962e-02  9.70479131e-01  9.91861343e-01  9.99315560e-01
   9.96327460e-01  9.68711436e-01  9.87786591e-01  9.97074723e-01
   9.98615980e-01 -2.40454221e+00 -9.45693672e-01 -5.03659010e+00
  -1.76560616e+00 -1.59338212e+00 -1.03463387e+00  1.00000000e+00
   9.91861343e-01  9.76685762e-01  2.59733703e-02]
 [ 9.57644582e-01  9.61716652e-01  9.67140436e-01  9.61954951e-01
   9.03067552e-03  9.68442917e-01  9.90628421e-01  9.99164343e-01
   9.96587515e-01  9.68759835e-01  9.86592650e-01  9.96596754e-01
   9.98713493e-01 -2.49496555e+00 -1.28682733e+00 -4.26964712e+00
  -9.24630582e-01 -1.11277103e+00 -7.55865932e-01  9.99711037e-01
   9.90628421e-01  9.74501908e-01  1.04197785e-01]
 [ 9.61972415e-01  9.62296307e-01  9.67397928e-01  9.57727492e-01
   5.15464460e-03  9.66605306e-01  9.89022791e-01  9.98902857e-01
   9.96783376e-01  9.67371583e-01  9.85103011e-01  9.95967209e-01
   9.98748481e-01 -2.67872715e+00 -1.59878588e+00 -3.90441108e+00
  -1.28085053e+00 -1.35628831e+00 -9.54404712e-01  9.99078751e-01
   9.89022791e-01  9.71919298e-01  1.65435523e-01]
 [ 9.57746804e-01  9.62828398e-01  9.68121529e-01  9.60030138e-01
   5.79219032e-03  9.66950297e-01  9.87455845e-01  9.98719037e-01
   9.97007608e-01  9.67219830e-01  9.83978212e-01  9.95455086e-01
   9.98816252e-01 -2.71594143e+00 -1.85626125e+00 -3.22234631e+00
  -8.55800569e-01 -1.10397947e+00 -8.06042492e-01  9.97605026e-01
   9.87455845e-01  9.70273435e-01  2.11330801e-01]
 [ 9.60048497e-01  9.64955926e-01  9.69840765e-01  9.64615703e-01
   3.99021944e-03  9.68788505e-01  9.85659003e-01  9.98718202e-01
   9.97281551e-01  9.68659461e-01  9.83404577e-01  9.95147765e-01
   9.98949528e-01 -2.56184983e+00 -2.02949500e+00 -2.16774225e+00
  -1.25927538e-01 -6.33213997e-01 -5.20166695e-01  9.93461668e-01
   9.85659003e-01  9.70890880e-01  2.09844396e-01]
 [ 9.64631975e-01  9.68504965e-01  9.74787414e-01  9.69336629e-01
   6.40032347e-03  9.71153557e-01  9.84959900e-01  9.98786569e-01
   9.97605324e-01  9.71205592e-01  9.83342707e-01  9.95042682e-01
   9.99149323e-01 -2.25511980e+00 -2.10289812e+00 -9.17979002e-01
   4.54571515e-01 -2.02364892e-01 -2.42766514e-01  9.92373168e-01
   9.84959900e-01  9.70596611e-01  1.40099689e-01]
 [ 9.69350696e-01  9.71509337e-01  9.76584315e-01  9.68308330e-01
   1.04089994e-02  9.72436547e-01  9.83920693e-01  9.98832285e-01
   9.97889042e-01  9.72557485e-01  9.83187199e-01  9.94900286e-01
   9.99331415e-01 -2.02385926e+00 -2.11247468e+00 -1.18947707e-01
   2.88461149e-01 -2.86584496e-01 -2.98407167e-01  9.90151048e-01
   9.83920693e-01  9.70775902e-01  2.27283407e-02]
 [ 9.68322992e-01  9.70767438e-01  9.75094259e-01  9.65086102e-01
   6.47537876e-03  9.73922551e-01  9.82510269e-01  9.98992324e-01
   9.98143435e-01  9.72375989e-01  9.82734442e-01  9.94633675e-01
   9.99464393e-01 -1.92746425e+00 -2.09965062e+00  1.61479548e-01
  -2.13265374e-01 -5.47645569e-01 -4.71906066e-01  9.86559093e-01
   9.82510269e-01  9.71607327e-01 -6.58858269e-02]
 [ 9.65102017e-01  9.66866791e-01  9.68604803e-01  9.59763765e-01
   2.00911313e-02  9.73868787e-01  9.81289685e-01  9.99063075e-01
   9.98304129e-01  9.70466554e-01  9.81809437e-01  9.94163156e-01
   9.99518454e-01 -2.00780535e+00 -2.10646510e+00 -8.43687728e-02
  -8.55362058e-01 -9.33919728e-01 -7.43687868e-01  9.84787643e-01
   9.81289685e-01  9.70961809e-01 -7.00754970e-02]
 [ 9.59782302e-01  9.64103580e-01  9.66638863e-01  9.63642776e-01
   1.58122983e-02  9.73672271e-01  9.80302691e-01  9.99164343e-01
   9.98486578e-01  9.70497072e-01  9.81348157e-01  9.93867278e-01
   9.99627948e-01 -1.91911507e+00 -2.09306884e+00  1.68645084e-01
  -2.27164358e-01 -5.40086269e-01 -5.01664162e-01  9.82772470e-01
   9.80302691e-01  9.71034765e-01 -5.33395968e-02]
 [ 9.63659465e-01  9.63199735e-01  9.64054644e-01  9.61469591e-01
   1.57861710e-02  9.72083628e-01  9.79081452e-01  9.98913944e-01
   9.98676360e-01  9.69787121e-01  9.80720341e-01  9.93495524e-01
   9.99704480e-01 -1.90065908e+00 -2.07842946e+00  1.84204340e-01
  -5.06542265e-01 -7.04050958e-01 -6.13929629e-01  9.79828417e-01
   9.79081452e-01  9.71585035e-01 -1.16980365e-02]
 [ 9.61487353e-01  9.66479421e-01  9.68805432e-01  9.65803742e-01
   7.27833295e-03  9.71577823e-01  9.78235245e-01  9.98587966e-01
   9.98887002e-01  9.70770240e-01  9.80572045e-01  9.93312895e-01
   9.99842703e-01 -1.72061777e+00 -2.02845716e+00  6.26534700e-01
   1.51837617e-01 -2.75634587e-01 -3.46362233e-01  9.77291286e-01
   9.78235245e-01  9.72473919e-01 -3.63183618e-02]
 [ 9.65819478e-01  9.68188584e-01  9.71432209e-01  9.67254400e-01
   8.20856262e-03  9.72015679e-01  9.77674544e-01  9.98195827e-01
   9.99160945e-01  9.71913099e-01  9.80578303e-01  9.93195891e-01
   1.00000000e+00 -1.51210845e+00 -1.94416821e+00  1.05613554e+00
   3.48366648e-01 -1.38980255e-01 -2.58808315e-01  9.75601077e-01
   9.77674544e-01  9.73072290e-01 -9.04990807e-02]
 [ 9.67235744e-01  9.66342866e-01  9.58661139e-01  9.48351979e-01
   3.55334729e-02  9.69711185e-01  9.76076066e-01  9.97367084e-01
   9.99392271e-01  9.66323376e-01  9.78753626e-01  9.92322087e-01
   9.99881506e-01 -1.96182835e+00 -1.97230840e+00 -3.51342320e-01
  -1.41073978e+00 -1.36169207e+00 -1.15358925e+00  9.74245548e-01
   9.76076066e-01  9.71242368e-01 -1.73509829e-02]
 [ 9.48375642e-01  9.49192822e-01  9.34559643e-01  9.29639637e-01
   7.58155882e-02  9.62844551e-01  9.73544061e-01  9.96154964e-01
   9.99449074e-01  9.56309140e-01  9.75290835e-01  9.90728796e-01
   9.99493718e-01 -2.91579747e+00 -2.19755125e+00 -2.81883335e+00
  -2.00485682e+00 -2.02207422e+00 -1.79046106e+00  9.76707101e-01
   9.73544061e-01  9.63638484e-01  1.74400181e-01]
 [ 9.29671884e-01  9.37311530e-01  9.36266899e-01  9.31195378e-01
   2.20273491e-02  9.56730902e-01  9.71460402e-01  9.95071054e-01
   9.99535739e-01  9.50155735e-01  9.72308457e-01  9.89260614e-01
   9.99133885e-01 -3.57863593e+00 -2.51860714e+00 -4.01830006e+00
  -1.82468545e+00 -1.88894069e+00 -1.69841850e+00  9.78121698e-01
   9.71460402e-01  9.58004951e-01  3.52454841e-01]
 [ 9.31226730e-01  9.35560584e-01  9.37869608e-01  9.32542443e-01
   1.22784143e-02  9.50014055e-01  9.69454765e-01  9.94165421e-01
   9.99584854e-01  9.46506143e-01  9.69740510e-01  9.87904310e-01
   9.98798430e-01 -4.01277971e+00 -2.86771321e+00 -4.36945105e+00
  -1.65119243e+00 -1.76868844e+00 -1.61737061e+00  9.78191853e-01
   9.69454765e-01  9.53900814e-01  5.17791331e-01]
 [ 9.32573318e-01  9.32169378e-01  9.31648016e-01  9.23538744e-01
   2.05538329e-02  9.41186070e-01  9.67256486e-01  9.93026853e-01
   9.99598742e-01  9.41047609e-01  9.66545343e-01  9.86238539e-01
   9.98337328e-01 -4.60768127e+00 -3.27342224e+00 -5.07805490e+00
  -1.94808877e+00 -2.05557895e+00 -1.89432955e+00  9.79708552e-01
   9.67256486e-01  9.47932661e-01  6.95087492e-01]
 [ 9.23573732e-01  9.30107236e-01  9.32875097e-01  9.29492354e-01
   1.46581763e-02  9.37377512e-01  9.65792537e-01  9.92057264e-01
   9.99650598e-01  9.39409137e-01  9.64230955e-01  9.84877825e-01
   9.97968733e-01 -4.82338285e+00 -3.64382863e+00 -4.63611031e+00
  -1.21062601e+00 -1.54160929e+00 -1.54291582e+00  9.80366170e-01
   9.65792537e-01  9.44317818e-01  8.59719694e-01]
 [ 9.29524720e-01  9.29321527e-01  9.27870750e-01  9.19408858e-01
   1.40122399e-02  9.35311556e-01  9.63959098e-01  9.90833879e-01
   9.99681413e-01  9.34928596e-01  9.61160600e-01  9.83164370e-01
   9.97459233e-01 -5.27388287e+00 -4.03589106e+00 -4.90721464e+00
  -1.62397146e+00 -1.87318242e+00 -1.84318161e+00  9.82060969e-01
   9.63959098e-01  9.38901305e-01  1.03089440e+00]
 [ 9.19445753e-01  9.25823390e-01  9.20163333e-01  9.26676691e-01
   3.50435898e-02  9.34399009e-01  9.62387502e-01  9.89798725e-01
   9.99754190e-01  9.34383690e-01  9.59086418e-01  9.81810868e-01
   9.97062027e-01 -5.32506752e+00 -4.36041832e+00 -4.06175566e+00
  -8.62069607e-01 -1.31307602e+00 -1.44261289e+00  9.82132375e-01
   9.62387502e-01  9.35668588e-01  1.21423113e+00]
   9.65792537e-01  9.44317818e-01  8.59719694e-01]
 [ 9.29524720e-01  9.29321527e-01  9.27870750e-01  9.19408858e-01
   1.40122399e-02  9.35311556e-01  9.63959098e-01  9.90833879e-01
   9.99681413e-01  9.34928596e-01  9.61160600e-01  9.83164370e-01
   9.97459233e-01 -5.27388287e+00 -4.03589106e+00 -4.90721464e+00
  -1.62397146e+00 -1.87318242e+00 -1.84318161e+00  9.82060969e-01
   9.63959098e-01  9.38901305e-01  1.03089440e+00]
 [ 9.19445753e-01  9.25823390e-01  9.20163333e-01  9.26676691e-01
   3.50435898e-02  9.34399009e-01  9.62387502e-01  9.89798725e-01
   9.99754190e-01  9.34383690e-01  9.59086418e-01  9.81810868e-01
   9.97062027e-01 -5.32506752e+00 -4.36041832e+00 -4.06175566e+00
  -8.62069607e-01 -1.31307602e+00 -1.44261289e+00  9.82132375e-01
   9.62387502e-01  9.35668588e-01  1.21423113e+00]
 [ 9.29524720e-01  9.29321527e-01  9.27870750e-01  9.19408858e-01
   1.40122399e-02  9.35311556e-01  9.63959098e-01  9.90833879e-01
   9.99681413e-01  9.34928596e-01  9.61160600e-01  9.83164370e-01
   9.97459233e-01 -5.27388287e+00 -4.03589106e+00 -4.90721464e+00
  -1.62397146e+00 -1.87318242e+00 -1.84318161e+00  9.82060969e-01
   9.63959098e-01  9.38901305e-01  1.03089440e+00]
 [ 9.19445753e-01  9.25823390e-01  9.20163333e-01  9.26676691e-01
   3.50435898e-02  9.34399009e-01  9.62387502e-01  9.89798725e-01
   9.99754190e-01  9.34383690e-01  9.59086418e-01  9.81810868e-01
   9.97062027e-01 -5.32506752e+00 -4.36041832e+00 -4.06175566e+00
  -8.62069607e-01 -1.31307602e+00 -1.44261289e+00  9.82132375e-01
   9.62387502e-01  9.35668588e-01  1.21423113e+00]
   1.40122399e-02  9.35311556e-01  9.63959098e-01  9.90833879e-01
   9.99681413e-01  9.34928596e-01  9.61160600e-01  9.83164370e-01
   9.97459233e-01 -5.27388287e+00 -4.03589106e+00 -4.90721464e+00
  -1.62397146e+00 -1.87318242e+00 -1.84318161e+00  9.82060969e-01
   9.63959098e-01  9.38901305e-01  1.03089440e+00]
 [ 9.19445753e-01  9.25823390e-01  9.20163333e-01  9.26676691e-01
   3.50435898e-02  9.34399009e-01  9.62387502e-01  9.89798725e-01
   9.99754190e-01  9.34383690e-01  9.59086418e-01  9.81810868e-01
   9.97062027e-01 -5.32506752e+00 -4.36041832e+00 -4.06175566e+00
  -8.62069607e-01 -1.31307602e+00 -1.44261289e+00  9.82132375e-01
   9.62387502e-01  9.35668588e-01  1.21423113e+00]
   9.97459233e-01 -5.27388287e+00 -4.03589106e+00 -4.90721464e+00
  -1.62397146e+00 -1.87318242e+00 -1.84318161e+00  9.82060969e-01
   9.63959098e-01  9.38901305e-01  1.03089440e+00]
 [ 9.19445753e-01  9.25823390e-01  9.20163333e-01  9.26676691e-01
   3.50435898e-02  9.34399009e-01  9.62387502e-01  9.89798725e-01
   9.99754190e-01  9.34383690e-01  9.59086418e-01  9.81810868e-01
   9.97062027e-01 -5.32506752e+00 -4.36041832e+00 -4.06175566e+00
  -8.62069607e-01 -1.31307602e+00 -1.44261289e+00  9.82132375e-01
   9.62387502e-01  9.35668588e-01  1.21423113e+00]
  -1.62397146e+00 -1.87318242e+00 -1.84318161e+00  9.82060969e-01
   9.63959098e-01  9.38901305e-01  1.03089440e+00]
 [ 9.19445753e-01  9.25823390e-01  9.20163333e-01  9.26676691e-01
   3.50435898e-02  9.34399009e-01  9.62387502e-01  9.89798725e-01
   9.99754190e-01  9.34383690e-01  9.59086418e-01  9.81810868e-01
   9.97062027e-01 -5.32506752e+00 -4.36041832e+00 -4.06175566e+00
  -8.62069607e-01 -1.31307602e+00 -1.44261289e+00  9.82132375e-01
   9.62387502e-01  9.35668588e-01  1.21423113e+00]
 [ 9.19445753e-01  9.25823390e-01  9.20163333e-01  9.26676691e-01
   3.50435898e-02  9.34399009e-01  9.62387502e-01  9.89798725e-01
   9.99754190e-01  9.34383690e-01  9.59086418e-01  9.81810868e-01
   9.97062027e-01 -5.32506752e+00 -4.36041832e+00 -4.06175566e+00
  -8.62069607e-01 -1.31307602e+00 -1.44261289e+00  9.82132375e-01
   9.62387502e-01  9.35668588e-01  1.21423113e+00]
   3.50435898e-02  9.34399009e-01  9.62387502e-01  9.89798725e-01
   9.99754190e-01  9.34383690e-01  9.59086418e-01  9.81810868e-01
   9.97062027e-01 -5.32506752e+00 -4.36041832e+00 -4.06175566e+00
  -8.62069607e-01 -1.31307602e+00 -1.44261289e+00  9.82132375e-01
   9.62387502e-01  9.35668588e-01  1.21423113e+00]
   9.97062027e-01 -5.32506752e+00 -4.36041832e+00 -4.06175566e+00
  -8.62069607e-01 -1.31307602e+00 -1.44261289e+00  9.82132375e-01
   9.62387502e-01  9.35668588e-01  1.21423113e+00]
 [ 9.26710248e-01  9.33182657e-01  9.36019480e-01  9.32928801e-01
  -8.62069607e-01 -1.31307602e+00 -1.44261289e+00  9.82132375e-01
   9.62387502e-01  9.35668588e-01  1.21423113e+00]
 [ 9.26710248e-01  9.33182657e-01  9.36019480e-01  9.32928801e-01
   9.62387502e-01  9.35668588e-01  1.21423113e+00]
 [ 9.26710248e-01  9.33182657e-01  9.36019480e-01  9.32928801e-01
 [ 9.26710248e-01  9.33182657e-01  9.36019480e-01  9.32928801e-01
   1.65379774e-02  9.34477031e-01  9.60913479e-01  9.88790572e-01
   9.99855697e-01  9.36121225e-01  9.57815170e-01  9.80762243e-01
   9.96760786e-01 -5.09665966e+00 -4.57150030e+00 -2.64155889e+00
  -3.08278292e-01 -8.80011976e-01 -1.12090731e+00  9.81032670e-01
   9.60913479e-01  9.33827758e-01  1.26926625e+00]
 [ 9.32959497e-01  9.32405233e-01  9.37687457e-01  9.27977860e-01
   6.08550617e-03  9.35373485e-01  9.59402800e-01  9.87701833e-01
   9.99902248e-01  9.35616016e-01  9.56185579e-01  9.79555368e-01
   9.96392012e-01 -5.02508211e+00 -4.72515488e+00 -1.92263281e+00
  -6.37118161e-01 -1.08758926e+00 -1.28153431e+00  9.80419576e-01
   9.59402800e-01  9.31416273e-01  1.32037008e+00]
 [ 9.28010821e-01  9.34178829e-01  9.38086510e-01  9.33943212e-01
   6.81469031e-03  9.36272323e-01  9.58078027e-01  9.86619115e-01
   1.00000000e+00  9.37283635e-01  9.55288827e-01  9.78636086e-01
   9.96114671e-01 -4.71346378e+00 -4.78185558e+00 -7.08887041e-01
  -1.07632026e-01 -6.86104655e-01 -9.83346999e-01  9.79073882e-01
   9.58078027e-01  9.30126727e-01  1.34013724e+00]]
Label()<class 'tensorflow.python.framework.ops.EagerTensor'>: 1